7118 1111111111111111 m

111 mox 111111,ι utor 11111 11 2¹·- 111 1111111111. 1111111111 utero

111 11111113 lum-qumana 1111111111111111111,11111111111111-
1111111111111111111111111111111111.1 1. 111 1111111111 11111111 11111111 111.
11.·Ν111111111111111111111ιω Vidn 11 11. 11111. Mox 1111111
1111 1111111113 tv· 11. · 3111111111 11- 11111111 affl, 11111·ι 111111 11,
[1111111111.1 11 1111111Ρ11Ι. 1111. 11111. 1. 11 flav.
1111 11111111. 1. 11111 111111111111 11111111 1 1111111, Pam, 111111]
111 justum! Ε111111,·11 111111 1111111 1 damma-mmm 111-
111111,111111111111.’ vu. 1. ‘Qui 11 111111 111111111111, qni 11111 m 11
11111111 1111111111111111,111111111 1111 1111111111, 11111111 ‘mim'
1111111 111111,’ 11 111111 11111111. 11 ·11111111,’ 11111111111111111 1111.
11111111111111 1111111111 111111- 111111111117. ,11111111 11111111
111111111111.’ 1111111111Ρώ 111. 1111111111. 1. nee 11111111 urm 1
eeu. [1111111111111111111111. 1111111111111. 111111111111111111-
11111111. 11111111. 111111111111 11111.
1111111 (1111111111 11111 1111 1111. 1111111111111111111111111111111]
111111 11. M 11. 11 11 1. 11111. 11111111111111,111111111111111111.
11111111, 111111111 1111111111 1111. 11111111111111. 1111111111111, 11111
1111111111 1111111 111 11111 1111111111 1111,1111111111111111111111 aaa.
1111111111111111111111,11111111· Vindicio 111111 11 11111111 11111
111111 1111111111 1111111111111111 11· ant] 1111111111111 1111111113..
11111. 1111111111111111 111111 ex 1111. 1 m. 11. 111111. 81111 11111111-
1111111111. 111111111. 11 11111111. 11111111.·1111111111 1111111111
1111111. ι11111 1111 11111, 111. 11 11111111111111111111111 1111111111
11111111 11 1111111111) Votum. 1111111111111111111.’ 1111111111
11111111 1111. 11111, 111111111111 11111111111111.1111.1.11111111.
11111111,1111111111111111111111111. 1111111. 11 111111. 1111. 11111111-
nti-om, 111 1111111 111111 11111111, 111111 1111111111 11111111ιί1 111111.
11111111111111111111 1111111111, 11111· 11 Ρ111. quodetiam 111111 11111 vi·
tiendum 111111. Neque 111111, 111 11111. 11111111 111 1111111 1111111 m
111111111111111111111111111111 11111111111111111111111111,1111111111»
111111 1111111111 ι11 11111111 11111, 111111 11111111 11111111 m. 01111
1111.’ 111111111111111111111111111 111111111111 11111111111111111111.·
1111111111111111111111. 8111111111 §v Dm 11111111 111111 11111ηὸ-
111111111111111111111111111111111· gen 1111111111111111] 1111111 11111 1111-
1111111111. 1111111111 Livii 11111 11111111111111,111111111111,11-
1111111 ‘nini 11111, 1111111.1 8111111· 1111111111111111111111111,1111111
11111111.11.’Ν1111111111,1111 11111 1111111111 11111111 1111111 11·
1111111,1111111111111111111.’1111 111111 11 1111 1111111111 1111.
stu· 11 cat. 1111. ‘Sin 11111 11111· 11111111111111111111 11111111 11 1111
111111111111111111111111111 111 1111111111111. 1. 111111111111111-
11111110111111.11111’11111 111111. 111 111111. 111111111111111111111111.
1111141. 11 11 Parim. 1181111111 111111111111111111 11, 1111111111·
11111111. 11. 1111111111 11111111 111111111111111111111111 Deua
1111111111 11111 (1111111111111111- hominu-que 1111 1111 1111111111.ι
11,11111111 1111111111111141. 1. xm. 11. ι11111111111111111111111
111. 1111111 ὓ111111111111111111111111,
11 Neo 111 1111111111 11111111ληί11, 111111111111111111111111111111111111.
1111111111111111111] 111111111111111 111111 Prooemium 1111111 jusit:
1111. 1. 1111111111 11111. 1. 111111. 111111Ά11111111 111111111111 11-

 

