1610 now 1111111111 111

1111111111 11. 1111. 11111111 1111161111. 11111111111111111111.

11111111111111111.111111 11111 1111 1111 11111 111 111111 11. 1111111111-
modo: ,1111111111 id 1111111111 11111111· tumuit 11 11111111. qm 1· 11. 11.
11111111 1111111.- privato 11111111, 11. 1111111111111111111.1111111111111111
11101111111111111111111 11111· 11111111111111111. 111111111111111
tante Fabiorum] 611111 111111 11111111 111111111111111111111111. 1111111·
11111. 1. 8111111111 11111111111 111111 1111111111111.111111111111.
in vulgatum conspirate· 1111111. 1111. 11111111111111111111111111111-
111111111111.1.11.*1111111111 111111. ὓ1111111111,11111111,1,11-
1111111 inpetu· 11111111 1111311111. 11111. 111111 111. mu. 41111.
*1111111111111111111111111111111111 1111111111 111111 111 1111111111 m
111111111’ 1111 111111 11 quibua·- 11111111111111111111.
11111111111111111111111111111. 1111 111111111111111111 Magn-⁴
11 1111111. 11. 11. 11111111 111 111] 111111111111111111111. ‘st
1111111111 111111111111111111. 111 11111111 11111 1111 11111111
ι 11 1111111111 111111 motmunt 11111 11111, 11111 11111111 11111111
&spectamen 1111111111,111111111 1111111] 1111111111111111111 1111111111111
11111111111111111111111111111111.1. 1111111111111111. 11111111
11111111111111111111111111111. 1111 111111Η11.1111111111111.1111.1.111
11 111111. 11111. senatuconsulto 1111111111111111.
11111111. 11111. 1. 1111111111 111111. 1111111111,111 Votum 1111111111·
111111111111111111111111111111111 11111 populo 1111111111111111111 μ·
1111111111 11111.0.11111111111111,11111 1111 agente] 1111111111, 111111 11111·
1111 1111111111 ab indocto 1111111111 11111, 11111111, 1111111111 1111 rotun.
1111 11111111111111 mp- 1111 11 1111111111 11111,111111.11111111111
1111111111. 01111111111111- 111111111,111111111111111111111111.
111111 11 emendaturus margini 111· 1111111111, 11111111 1111111 11111 pto
111111111111.111111111111ρ111111· 1111111, 111111 1111111111 111111.
1111111111 1111111111 1111111111111· Ρ11111111111 1111111 1111, 1111 Bm,
1111,1111111111111111111 11 1111111111 proh 111111111111111111111, (111111.
templumque 11111111 111 11111. 'rummiuawndulqmpi-
41118111111111111111111111111 1111. 11111111 1111. 11111111111111
1111111111 111 1111111111, eju· 1111 11111. 111. 1111111111. Α11111111111
1111111111 111 11111, 1111111111111 eun 1111111111 111111 111111. 1111111 qud
111 1111111111. 111111 11111111. 11111111 1111111, 11111111111111.

, 11.111111111111111111111111.1.111. 1111111111111111111111111111111·

1. 1111. 1. 11111. 1.11Ρ111. 1111 1111111Η111.1.1111.1111111111111
1111 1111111111111111111111.11. 111111111111111111111111μ111111111
§²0 1111111111 1111111. 11111 111111-
11111111 11111111111111, 1111111 11111 11111111111111111111111111111111
1111111111] Aa 111111 11111111 111111111. 1. 11. §1- 1111111111111111111111,
1. 11111. 111111111111111,11’11- Η111.1.11111111.11.11.111111111
1111111 1111111113 1111 1111 1111. 1. mut 1111111. 11111111111111.
Ι11. 1 6. 111111111111 1111. ambo, 11 111111111111111 1111111111·
emim. 01111111111111.1111111 111111111]13111111111111111111111111
quum frequentem 11111, 1111 11 laid. 11111111 11111 11111 mu
11. 1117. 1111. emen 11111111 11111 1111111111
(111. xm. 1 1111111111 1111111 11111111.
11111111 1111111111 1111] [1111111111 Neque 111111 1111111, 11111 etam
1111111111.1111111111111111111110111· sm] 11 1111.1.11111111111,11

 

