07oe 11111 1111111111 111

1111111, 1111111111111111111111111- 1111111111, 11111 1111111111 1111111111,

1111111111111 1111111111 1111111111 111111111111111111111. 811111·
1111111111 11111 1111111111 11111- 11111111111.11.*·1.111111111111111111
uite· 11111111 1111111111111111. 11 111111111111111111,111 1111111111
1111 men voce id 111111ον111· vi· 11. 1111111111,111 1111111111 11111113
’11111111 111111 xm. 1111. 1. F. (1111. 11111111111111 genu,
. 1111 11111113111111111 aiom 1111011111111111111111111111111·
11111. 111111 1111111111 mvn· 11111, 1111111 111, 11 1111111111111
Ι1111 11111111 111111111111 1111111111, 11111111111111111111111111111111.
1111111 111111111111111. vid· 11 1111111111. ε(1111111111111111111
1111111111. 1.. Papirium, 111 1111111111, 111 1111-

011111. §l Ataepudtmm· 11111 populi judicium nequidquam
11111] Ρ1111111 11111111 111 agnon· 11111111111111111111.’ punio· Ep.
1111111111. 1.11 1111. 1. Pro 11 111 1. 11. ‘Proinde 1111111 1111111 nm.
1111111 1111111. 11111111 111111 111111. 1111 11111, ‘Sem 1111,’ *1111111111
1111111 111111111. cml (11111111 11111,)1111111111-

71111 *εἰ ‘winda Μ. d 111- 111, 111 1111111, qun 1111111111 111111-
1111 111 m] 1111111 1111111111 qum, legerim 1111111113 11111.
111111. 1111. 1111111111, 111111. 111. 1111111111. ‘ 8111011111111111111·
11 1111111111 1111111111 111. ’11111 ea· 11111 111111 1111111111111111111 11111,
perime 1111. vide 11 mu. 111 111Ρ111111111 1111111111, 111
11. 1111111 voee- euin 11111111 11111111 111111 111111111111111.’
11111.Β111111111111011111.111· 11111111111111111111111111111111111
111111 111 1111. 1111. 111111111. vide Ι1111111. 1111111111 1111111111. mo·
11111111111111.111.11. 111111 1111.11.’111111111111111111111111111
11111111111111111111111111111 11 111111, 1111 11 1111111111 1111111111 11
sim 1111111111 1111111 1111. 111 111111111111111111111111111111111111,
1111111 11 1111111. 111 1111111, 111 11111111 potinem!

1111111111ιμι1111111]1111 imm-videatur? 111 111111 1111111111
,111111 11111. 11111. 11111, 11111. 1. 1111111111111111 1111. 1111 1111111-
11111. 11111111. Port- 11 1111111. 1111. Ει11111111111111111 1111111-
1111. 111 1111111 11111111. 11111111 1111111111 111111111111111. ‘vu
1111111611111111111 11111. 1 11. 1111 1111111 1111111, 111 111111, 111
11111111111111111 111111. ugron 1111111111· 1111 1111111111
1111111111111111111.1.11111111 1111111111 11 11111 111111, 111111.
1111111111111111. 1111111111111· 1111111 111 111111 qm, 11111111 111
111, 1111111111111111.11.1 11111- 11111 ogre· 1111111111. An· 111111
11111111 paullo 1111 1111 111. 1. 11 1111 111. 1111. 01111111 nm
111. 1111 11111111 111. 111 1111111111 1111.

1111111111 111111 1111111] (1111111111 11111111111111111111111 11111111.
11111 1111. 11 Pul. 1. fuine 11111 1111111111111111111111111111111·
mmm· tumim-tque 1111 1111111111 11111 111111. Nequam
conjicit, 1111 1111 voluitne ,1111111111 1111111111111111111111111με1111111
111111ωυί111111111. vem 111111 11111111 111111, 11 11 1111111111. 1111·
1111111111111111111,11111111 1111- 111. 111 11111111111 1111111111 11
11111 11111 11111111 11111111 111 111 011111111111111111111111 videtum:
(111111. 11111111 11111111. quibu· 1111111, emendationem (111-

1111111111,κά111111111111111 111111111111111.111111 11111111, 11 f·-
11111111111111111111] Α1111111111111. 1111 11111111 111, 11 1111. 111111111-
111 11111· 111 ct 11111 111. 111111. 111111111111111111. 11111 1111111111

 

