1. 1111111111. unz ιιι. 111. 47. 61111

11111111 111111· 11 11111 1111111 1111· 011. 111. 111111. 1. 111. 1111111111
11111111, 111111 omn 111111 cmm. 111111, 11 1111 quoque ferociter upa
11111111111111311111111111111111. positum 111 111 ⁸ fortiter: 1111111
111111 11111. 111 111 1111 1111 propo· 1. 11. ⁶ ferocior’ pro ’11111113 ‘For-
11111111 111111 1111 11111111 1111. 111 11 11111ιιιί’ conjungi 111111. 111
Mi. ’ 1111 11. 1. ‘Vir 111111 11 1111111113
0111111111111111111111111111111· mn. 1. ‘Virum 11111111 11 11111
11111] scribunda·- insm 1111111. 111111.ν 1. 11. ‘Fortem 11 1111111111
111111. 111. m. Admtio 111 11111111.ν 8111011. 1. 11.*111111
1111111111111111111111111111 11 11· 1111111 nque 1111111111· 1111111111
111111111111111111111111111. 1111 11. 11 prino. ⁴ 11131111111111111111·
11111111111111. 8111111111111111. 11111111 11 11111111 11111111111111 gig*
111111· 1111111. 11111111111111111111. 11111113 111· 11111111 111111 ’ propri·
11111111111111111111111. 1111111, 11111111 11111111. 111111111111111
111 1111 1111111111111111111,1’111. 1111111111. 1. 11111. Na 1111111111
1. 11111. 111111111111111. 81111· 11 11111111 1111 11111. 1. 1111111111 11·
11111 11111111111111111111111111111 1111111111111111 111111. 1111. 111.
1111111111111111111111111111111· 111. 111 111111 111111 1111 11 11111111
111111111111111111 111111,1111111· 1111 1111111111 01111. B. 11111.
1111111. 1111111 11111111. neindmjusormeraesemieerfngm
§2 eirenen 111111111111111 honi· 1111. 1 11. 111. 11111 11111111111111111
111 11111] 111. 111). 11111111. Sigon· 1111111111111111111111,1111111111111111
. 01111111 11111111 primurm 111. At putarentur. 1111111111111111, 1111111
1111111,111111111,1111111111111’1111· 311111 11 11 1111111 1111111111 1111
111. 1111111111111. 1111111111 111111 11111111 31111111. 111 11111111
111111111111.1111111111“11.1111111· 1. profem 1111111 111 1111111111
insum convenit 11111 11111 111111. 111 111111. 11. 11. A conjectura 1111
mhi! 111111 0111111111 111 01111111. 111111 111111111111 111111111111111111
1111111111111111111111113 Prin· 11ιί1111111 primicerius, 1111 memo·
111111 conio 11 1111. 111. 111111. 111111 11111111111111111111111111111
11111111111111111111111111111111. 1 11111 hic 11111111 pro Ι1ο111111,·
ιιι. 11. 1. 11 011111. 11 11111. 1. 1111111111111111111111, 11 ‘sonitu-
1111. Π111111111,ρ11111,1’111. 111· dinem: 111111111111 11111 · fero*
1111111 mun, 111 81111111 11111111, 11111’ 11111 11111111 1111111 pom.
111111 plerique 111111. 11111111. 1111111111 111111, 1111111 11111.
111. 1 11. penam 111111 1111111 11111. 111111, 11 1111111111 1111111111111
1. 11111111111111111.1111.111. 1111111. 111111111111111111·11111’ ,
111 111 11111 111111 1111111111 om] usurpari 1 11111111111.1111111111111
11111111111111111, 1111. 1. 11111111 ιιι. 11. 1 1.
11111. 1. ‘houm' 11 ‘enemente' Si 1111111111111, 111 111111 1111111
1111111111ιίΙί 1111111 11 111. 1111111 1111111111, 1111111 1111 1111 1111111111]

’ 1111111111 111111011111111111111. 11111111111111111111.1.1131111111

111. 111. 11111111111111111111 1111111111 11111 1111. 1111111111
11 11111. 1. 1111111 1111111 111 111 111111 1111111 1111. 1111. 1. 111 11
1111111111. 111111 1111111 1111. 11111. 1. 11 1111.

111111111111111 11111111111111111 811111111111111111. 0111111111»
11 samsucio] miser 11 11111111 1111111 1111. 1111111111. 11 111, qun·
11111111. 111 111111111111 11 1111. 1111111111 quod 111 displiceret, 11
11111111. 111111111111111111111111 piuiuneodiemadniteretur. 1111

11111,1110111111111111111118111. 11 nvn. 11. 1 1. 1111 ιι. 1. 11.

 

