1. 11111 11111. 111. 11111161. 6661

61111 16111111 1111111, *1111161111 1161111111111116111, 111· 1111111
1161111 11,’ 16111 111111 11,’ 116161 11 116611 ‘ln 1111111111611111’ 111· 11»
111611111,11116,1111 1111111 111· 1111. 616116 1.16. 61. 61111111·
1111611111, 1161 11111 componun· 1116161611616.61611111116111611111
111,Ι 11116111, 11111 6116111 161 1111161111 61611111. 6111611161111
16 Ρ11611611.1116 611111 111 611161111111111161111611116611
1116111111116111111. 111 1111611111 11111111,11161111 jn 111111. vido
’1111611111 111111 11,’ 1161 16 1. 61. 16 xm· 11. 6 1.
66. ’ ,6616111116 1161661111]Δή
0111111111161111116 Nullum deumvmmboffldm.
d men 61116111] vum 61 lin}- 11,1111.16μ611111111111.
111611. p· 11. *1161111 661111 tp· 01111111, 11116 1611116111 1111116111,
6111161 11111111,1116 11111111611 mindun] Catuli-mmm·
1111 qun 16611611, 111111, 11611 16116661111111111111111116. 816
1116611111 111111 1111111161 11111. 111111111111611111611116611161,111·
1111111111 16 111111116111116111· 1111 111161 scrib· ontione- 1161111
611 nque 61111, 166116111111111, 111-,111111 1111111611 11111 1111111111·
116 1111111611161111611111111’1116 1111,1111111111 111666 1116. Vide
1661611111.1111111111.1.661. ‘Qun 111 11111611 16 111. 11161. Reli·
111161 11616 11611111 1111111161. 1161116111166111111, 11 1111 11116·
611616161111111111111161111111» 1111111, 16111111. Putem 11111
111111. unu. 1. ⁴ 1611111111 ful· 1611161111, 1166116161 111161 1111116111.
111611 1116111 1161111161, 16. 61. hebdomad-demvm!- ·
116111611116111,111,1111116111- 6661 rapuerit Ρ11111, 11 11616,
1111 11111161 6111111111.11111111111. 11111 ma, 1111 11 republica 1116661
minu 111111 11111161161111111116111 111] 0111111111111111111116111111
111111161 fragore 111111111111666161 1111111111166. 1111 1111111166 Po
1111111113111111 Danai, 111611- 611111611Ρ116.111.111.11161111111
6111161161111111111. 1111111111111116. Tum 11111111
6111111161 116, 1611111111 1111 111611111111611161111166111. 111161
jn 61611111] 11111611 16 1111111161 menardum 0111611.
11111161 1111161111 11111111Ιί11. 61111611 (16611161, 1611111111-
5· 1111 161611 nim 61611116. Qu 1116111111 16 11116111 1161· rupem] 61.
61111611161111161161111 1111611111 161116111161111111111111. 11111.
61111111166111. Pertinax 1111111111 1111111111111 11111. 1.1 ι. pr.
61 Ρ111. 1611. 1611111111 edd-jan 11111 Pone· tmen 1111116111161 1 111.
11111116111111111111111116111111 111. 16116611. 111 611116, 1611111111
Ι66111611 11161 1111111111 11611116 1116161111, 61116 6111116111 1111. 0·
86111111. Gabi. Sigonimm 111111- 116661611111111111 1.116.1.1111“11111
61611111161111161111111 111611 codd. 11111161 6611116111 Marcii Vm. 2.
1616 11161111 6111 111 61 1161111111 1111111111Ρ1161111111111611116
,dum 1111116111. 1.,1111 6111161 111111161111111111111166161.111
«mm 61611111 11111. 816 6111, 1111161161111111111111111. vid·
pro 111111, ascribendum 116 111111 1111111. 16 61. ὓ1Μ1111111111·
1111111111111.,111 116111 1111 1116611- 1161111116 61111, 1111011111, 61116,
111111111611116. Vide 16111116. 1161 11111 16 11166. huju· 116. 1111-
4. 61. Ε11111111611111111111111· 61111 61116111111111. ’1111 11111-
61166116116 111 166611. 1111111611 de· 1161116111. 111111611111. 11111.-
111111 1116. 11111166 1111 111111 111 116- 11116 Vm. 1. laid. 1611111, (111111.
1111 116111161111611 ,11116611 11111 11 11111. 1. 1111111161 161161 1161

 

